************************************************** 0 **************************************************
100 0.030556149904926617
200 0.023577830009162425
300 0.021156029030680656
400 0.019627236202359198
500 0.018565130047500135
600 0.017773788794875144
700 0.01714963521808386
800 0.016658687591552736
900 0.01625602344671885
1000 0.015909720646838345
1100 0.015590545100470385
1200 0.01529149804264307
1300 0.015003662928938866
1400 0.014739800182481607
1500 0.014494746923446655
1600 0.014253259201844533
1700 0.014034042259057362
1800 0.013832228134075801
1900 0.013648241572082043
2000 0.01347628173728784
2100 0.013313808292150498
2200 0.013155350834131241
2300 0.01300467699766159
2400 0.01286374752720197
2500 0.012729396174351374
2600 0.012601908482611179
2700 0.012479087213675182
------------------------------ 25 2700 0.012479087213675182 ------------------------------ 



************************************************** 1 **************************************************
100 0.16802937686443328
200 0.15887879530588786
300 0.15406010548273721
400 0.15044643878936767
500 0.1473500023285548
600 0.14459954301516215
700 0.142048512895902
800 0.13965142667293548
900 0.13740743597348531
1000 0.13528594970703126
1100 0.13321338295936586
1200 0.13123269577821095
1300 0.12929391960302988
1400 0.12741474211215972
1500 0.1255704050262769
1600 0.1237781802813212
1700 0.1220308244228363
1800 0.12030146767695744
1900 0.11861470888058344
2000 0.11696626394987106
2100 0.11534018963575363
2200 0.11376091639200846
2300 0.11219739417235057
2400 0.11066563179095586
2500 0.10915214071671168
2600 0.10767549475034079
2700 0.10622468392054239
2800 0.1048036610086759
2900 0.1034054309129715
3000 0.10202261060476303
3100 0.10066301922003427
3200 0.09932832022507986
3300 0.09800763974587122
3400 0.09670910239219666
3500 0.09543231129646301
3600 0.09417268385489781
3700 0.09293542951345443
3800 0.09171631733576456
3900 0.09051381548245747
4000 0.08932705173889796
4100 0.08815882702668508
4200 0.0870044340689977
4300 0.08586205343405405
4400 0.08474410474300384
4500 0.08364216685295105
4600 0.08255147735277811
4700 0.08148277799288432
4800 0.08042338887850443
4900 0.07938048491875331
5000 0.07835196355978648
5100 0.07734199364980061
5200 0.07634377280871073
5300 0.07536007761955262
5400 0.07439048886299134
5500 0.07343894590934118
5600 0.07249780346949895
5700 0.07157425582408905
5800 0.07066124727328618
5900 0.06976089278856913
6000 0.06887594759464263
6100 0.06800445119539897
6200 0.06714265942573547
6300 0.06629579216241836
6400 0.06546053265531858
6500 0.06463850413759549
6600 0.06382560357451439
6700 0.06302472824851672
6800 0.06223471835255623
6900 0.06145638301968574
7000 0.060688442240158715
7100 0.059932363033294675
7200 0.05918722798426946
7300 0.05845356732606888
7400 0.05772872492671013
7500 0.05701462800304095
7600 0.05630935430526733
7700 0.05561550557613373
7800 0.05493190214037895
7900 0.05425831327835719
8000 0.05359395295381546
8100 0.052938616027434666
8200 0.05229224761327108
8300 0.051655063778162
8400 0.05102724532286326
8500 0.05040859704216321
8600 0.049798129002253215
8700 0.04919790724913279
8800 0.04860525627930959
8900 0.048021641870339714
9000 0.04744519665837288
9100 0.04687764371434847
9200 0.046317930519580844
9300 0.04576663598418236
9400 0.045223738501469296
9500 0.04468605741858482
9600 0.04415576532483101
9700 0.043633453299601874
9800 0.043118372559547424
9900 0.04261058568954468
10000 0.04211071208119392
10100 0.041617691765228906
10200 0.0411329910159111
10300 0.040653443833192186
10400 0.04018184915184975
10500 0.03971521357695262
10600 0.03925452952583631
10700 0.038800331950187686
10800 0.03835215071837107
10900 0.037910194446643196
11000 0.037475923697153725
11100 0.0370475098490715
11200 0.036624762167533235
11300 0.03620876421531041
11400 0.03579770227273305
11500 0.03539196786781152
11600 0.03499183095991611
11700 0.03459814302623272
11800 0.03421047429243724
11900 0.033827250947554906
12000 0.033449634661277136
12100 0.03307671050230662
12200 0.03270942469437917
12300 0.03234725184738636
12400 0.0319903322805961
12500 0.03163686729967594
12600 0.031289111077785495
12700 0.030945694322387376
12800 0.03060614876449108
12900 0.030272655685742698
13000 0.029942180713017783
13100 0.029617233946919442
13200 0.029296385248502095
13300 0.0289807823797067
13400 0.028668073937296867
13500 0.028360209117333095
13600 0.028057309860984484
13700 0.027758531148235004
13800 0.027463484555482864
13900 0.027172098184625307
14000 0.026884651556611062
14100 0.02660108506679535
14200 0.026320539290706317
14300 0.026044569040338198
14400 0.02577259950339794
14500 0.02550398608048757
14600 0.025239156434933345
14700 0.02497833383580049
14800 0.0247209370136261
14900 0.02446771562099457
15000 0.024217095226049423
15100 0.023970749974250794
15200 0.023727908978859583
15300 0.023489171514908473
15400 0.023254445940256118
15500 0.023023002470533054
15600 0.022795908773938816
------------------------------ 154 15600 0.022795908773938816 ------------------------------ 



************************************************** 2 **************************************************
100 0.1625706801811854
200 0.15028561949729918
300 0.14547659158706666
400 0.14256749153137208
500 0.14004709720611572
600 0.13793078164259592
700 0.13607523143291472
800 0.13404290576775868
900 0.13217095633347828
1000 0.130361145734787
1100 0.12848221759001413
1200 0.12675197223822277
1300 0.12503236929575604
1400 0.12335029443105062
1500 0.12167402605215709
1600 0.12003651460011801
1700 0.118404620885849
1800 0.11683131953080496
1900 0.11523054490486781
2000 0.11374186873435974
2100 0.11224623918533325
2200 0.1106830045580864
2300 0.10926924000183741
2400 0.10777439922094345
2500 0.10636300494273504
2600 0.10497185389200846
2700 0.10355771283308665
2800 0.10215476353963217
2900 0.10079881350199381
3000 0.0994933878382047
3100 0.09816434035698572
3200 0.09690688153107961
3300 0.0956124593814214
3400 0.09433472206195195
3500 0.09308883547782898
3600 0.09186714788277944
3700 0.09061601410309474
3800 0.08944693803787232
3900 0.08827685366074244
4000 0.08716827780008315
4100 0.08598942855993906
4200 0.08486002683639526
4300 0.0837896153330803
4400 0.08267790079116821
4500 0.0815800592303276
4600 0.08057909508546193
4700 0.07950749347607294
4800 0.07846505095561346
4900 0.07745195726553598
5000 0.07643941541512807
5100 0.07544415245453516
5200 0.07445663462082545
5300 0.0735109269618988
5400 0.0725654756029447
5500 0.07163903216520945
5600 0.07070926527182261
5700 0.0698060154914856
5800 0.06890275577704112
5900 0.06799897799889247
6000 0.06711943944295247
6100 0.06627425650755564
6200 0.06544282957911492
6300 0.06457025681932767
6400 0.06378985246022542
6500 0.06295399541656176
6600 0.06216610645254453
6700 0.06137144813934962
6800 0.06058420439561208
6900 0.059819608181715014
7000 0.059072711318731305
7100 0.05829543024301529
7200 0.057559473315874736
7300 0.05684413264195124
7400 0.0561438890794913
7500 0.0554257536927859
7600 0.054717964182297386
7700 0.05406415387988091
7800 0.05338631868362427
7900 0.052704065044720964
8000 0.052039105693499246
8100 0.05140120983123779
8200 0.05074673369526863
8300 0.05013272315263748
8400 0.049498855322599414
8500 0.04886696090300878
8600 0.04827144940694173
8700 0.04768379703164101
8800 0.04710840558012327
8900 0.046526191383600236
9000 0.045948959638675055
9100 0.04538182740410169
9200 0.0448328509926796
9300 0.044288203865289685
9400 0.04374154731631279
9500 0.043214382231235506
9600 0.042685001343488696
9700 0.04217156444986661
9800 0.04165823409954707
9900 0.041164450844128925
10000 0.040671156346797945
10100 0.04017214328050613
10200 0.039702147245407104
10300 0.039228141556183496
10400 0.038750249644120535
10500 0.03829580768942833
10600 0.03784167766571045
10700 0.03739122922221819
10800 0.03695120885968208
10900 0.03651750708619753
11000 0.03608241304755211
11100 0.035657984266678495
11200 0.03524151419599851
11300 0.03484427618483702
11400 0.03443551187713941
11500 0.03403793660302957
11600 0.03363895068566004
11700 0.033259695520003636
11800 0.03286786936223507
11900 0.03248931206762791
12000 0.03210806002219518
12100 0.03174686630566915
12200 0.031388958791891734
12300 0.031033417209982872
12400 0.03067882942656676
12500 0.03032646564145883
12600 0.029987470184763273
12700 0.029652090619007747
12800 0.029320053383708
12900 0.02899095999697844
13000 0.02866464008887609
13100 0.02835083839794
13200 0.02803375485042731
13300 0.027720832700530686
13400 0.02742288721104463
13500 0.02712219680349032
13600 0.02682263726989428
13700 0.026528651639819146
13800 0.026244515801469484
13900 0.025963699569304784
14000 0.025681836530566216
14100 0.025409456963340443
14200 0.02513271210094293
14300 0.024871732294559478
14400 0.02460615485906601
14500 0.024341434488693872
14600 0.02408502288162708
14700 0.02383228006462256
14800 0.023586525892217953
14900 0.023344820737838744
15000 0.023102487623691558
15100 0.022862310086687408
15200 0.022628184407949448
15300 0.02239854261279106
15400 0.02217283397912979
15500 0.021948440993825594
15600 0.021732217445969582
------------------------------ 154 15600 0.021732217445969582 ------------------------------ 



************************************************** 3 **************************************************
100 0.262912913163503
200 0.2537275354067485
300 0.24870175917943318
400 0.24459607005119324
500 0.24085361063480376
600 0.23726000984509785
700 0.2337801992893219
800 0.23038569390773772
900 0.22705784638722737
1000 0.22382777730623882
1100 0.22065596878528596
1200 0.21754299402236937
1300 0.2144767979780833
1400 0.21146485805511475
1500 0.20850422183672587
1600 0.20560993353525797
1700 0.2027696152528127
1800 0.1999754657347997
1900 0.19721312820911407
2000 0.19450459480285645
2100 0.1918338547150294
2200 0.18920015494028727
2300 0.1866072416305542
2400 0.18405614296595255
2500 0.18155089318752288
2600 0.17908308207988738
2700 0.17665382325649262
2800 0.1742645611365636
2900 0.1719133049249649
3000 0.16959182818730673
3100 0.16730115214983624
3200 0.16504362920920054
3300 0.1628237078587214
3400 0.16062781314055125
3500 0.15846628348032635
3600 0.15633484323819477
3700 0.1542361925045649
3800 0.15216746131579081
3900 0.15012871126333874
4000 0.14812285900115968
4100 0.14614777664343517
4200 0.14420130650202434
4300 0.14228159288565317
4400 0.14038967490196227
4500 0.13852768937746684
4600 0.13668911258379618
4700 0.13487663467725117
4800 0.1330905427535375
4900 0.13133112291495005
5000 0.12959779302279154
5100 0.12788975536823272
5200 0.126206436753273
5300 0.12454756597677867
5400 0.12291189581155777
5500 0.1212999110420545
5600 0.11971001625061035
5700 0.11814539730548859
5800 0.11660261750221253
5900 0.11508352855841318
6000 0.11358877718448639
6100 0.11211107075214385
6200 0.11065355042616526
6300 0.10921854376792908
6400 0.10780300150314967
6500 0.10640755593776703
6600 0.10503273357947668
6700 0.10367582490046819
6800 0.10233921259641647
6900 0.10102253705263138
7000 0.09972589959700902
7100 0.09844649732112884
7200 0.0971835121512413
7300 0.0959375058611234
7400 0.09470928559700648
7500 0.09349657446146012
7600 0.09230203926563263
7700 0.09112258106470109
7800 0.08995827734470367
7900 0.08881087253491084
8000 0.08767926394939422
8100 0.0865649734934171
8200 0.08546610524257024
8300 0.08438223352034886
8400 0.08331300367911657
8500 0.0822574386994044
8600 0.08121813287337622
8700 0.0801935151219368
8800 0.07918288459380468
8900 0.0781865527232488
9000 0.07720429797967275
9100 0.07623573243618012
9200 0.07527883996566137
9300 0.07433646768331528
9400 0.07340557326873144
9500 0.0724873423576355
9600 0.07158168454964955
9700 0.07068937917550405
9800 0.06980910400549571
9900 0.06894349654515584
10000 0.06808903515338897
10100 0.06724773446718851
10200 0.06641865447163582
10300 0.0656005139152209
10400 0.06479399104913076
10500 0.063997050623099
10600 0.06321155379215876
10700 0.06243688613176346
10800 0.06167406489451726
10900 0.06092097411553065
11000 0.06017837176720301
11100 0.05944636017084122
11200 0.05872425784667333
11300 0.058013168970743816
11400 0.05731179664532344
11500 0.05661864106853803
11600 0.055935071905454
11700 0.05526203761498134
11800 0.054599225521087646
11900 0.05394579867521922
12000 0.05330071200927099
12100 0.05266569182276726
12200 0.05203846395015717
12300 0.051418766379356384
12400 0.050808411091566086
12500 0.050206193576256435
12600 0.04961411307255427
12700 0.04903109321991603
12800 0.04845562651753425
12900 0.04788953239719073
13000 0.04733055333296458
13100 0.046780602633953096
13200 0.04623669286568959
13300 0.045701559136311215
13400 0.04517225821812947
13500 0.04464929699897766
13600 0.044135070343812303
13700 0.043629105140765505
13800 0.043129529307285946
13900 0.042636888474226
14000 0.0421503650645415
14100 0.041671269883712135
14200 0.041198315719763436
14300 0.04073148270448049
14400 0.04027064045270284
14500 0.03981580510735512
14600 0.039366629471381503
14700 0.0389250285923481
14800 0.03848848541577657
14900 0.03805811628699303
15000 0.0376335750023524
15100 0.03721373404065768
15200 0.036799490948518115
15300 0.0363938070833683
15400 0.03599304258823395
15500 0.03559699977437655
15600 0.03520643537243207
15700 0.03481943483153979
15800 0.03443756637473901
15900 0.03406057308117549
16000 0.03368843868374825
16100 0.03332199156284332
16200 0.03296118552486102
16300 0.03260558384160201
16400 0.03225432398418585
16500 0.031907769292593
16600 0.031567501028378804
16700 0.031230681637922923
16800 0.030898514886697134
16900 0.030570418884356815
17000 0.030246695131063463
17100 0.02992557833592097
17200 0.029610086232423782
17300 0.029297815759976704
17400 0.028989410648743313
17500 0.028686735779047012
17600 0.028388859952489534
17700 0.028095108270645142
17800 0.027804455409447353
17900 0.027517410243550935
18000 0.027235124136010806
18100 0.026956459134817125
18200 0.02668350872894128
18300 0.026413055385152498
18400 0.026146616662542026
18500 0.025883079196015995
18600 0.025624111543099085
18700 0.025367239614327748
18800 0.025113952284057935
18900 0.02486482448875904
19000 0.02461871181925138
------------------------------ 188 19000 0.02461871181925138 ------------------------------ 



************************************************** 4 **************************************************
100 0.2594866414864858
200 0.24856503208478292
300 0.24353525737921397
400 0.23952694733937582
500 0.23592048088709514
600 0.2323543906211853
700 0.22897873719533285
800 0.22559251089890797
900 0.22252821326255798
1000 0.219307937224706
1100 0.21627611716588338
1200 0.21333054403464
1300 0.21029699246088665
1400 0.20736719767252604
1500 0.20452790955702463
1600 0.20169863800207774
1700 0.19908243914445242
1800 0.19628391067186993
1900 0.19351070523262023
2000 0.19090001980463664
2100 0.1883048375447591
2200 0.18584782282511395
2300 0.18326246241728464
2400 0.1806555261214574
2500 0.1783039838075638
2600 0.1760115534067154
2700 0.17363967498143515
2800 0.17126041849454243
2900 0.16895201603571575
3000 0.16660720705986024
3100 0.1644439587990443
3200 0.16218448082606
3300 0.16001089811325073
3400 0.15786224802335103
3500 0.15573240915934244
3600 0.15362872382005055
3700 0.15158361295859019
3800 0.14950544238090516
3900 0.14749659697214762
4000 0.14555860857168834
4100 0.14360597133636474
4200 0.14169326921304068
4300 0.13979427615801493
4400 0.13796151876449586
4500 0.13612862130006154
4600 0.13426134089628855
4700 0.13248413701852163
4800 0.13075615564982096
4900 0.12900922795136768
5000 0.12730141083399454
5100 0.12559998134771982
5200 0.12392856478691101
5300 0.12229234278202057
5400 0.12067148635784784
5500 0.11907486319541931
5600 0.11748902201652527
5700 0.11592668791611989
5800 0.11442397882541021
5900 0.11293525795141855
6000 0.11146519084771474
6100 0.10998020271460215
6200 0.1085425208012263
6300 0.10707867493232091
6400 0.10570809990167618
6500 0.10433622101942698
6600 0.10294764439264933
6700 0.10158985356489818
6800 0.10030336280663808
6900 0.09900220284859339
7000 0.09768158942461014
7100 0.09643542369206747
7200 0.09515328754981359
7300 0.09391505122184754
7400 0.09272526651620865
7500 0.09152060846487681
7600 0.09034402966499329
7700 0.0891553411881129
7800 0.08801224281390509
7900 0.08687815964221954
8000 0.08575420180956522
8100 0.08465667068958282
8200 0.08356387317180633
8300 0.08249267141024272
8400 0.08142088254292806
8500 0.08038786699374517
8600 0.07935516734917959
8700 0.07834567427635193
8800 0.07734975665807724
8900 0.07636279016733169
9000 0.07537877609332402
9100 0.07442847241957982
9200 0.07348712434371313
9300 0.07254957109689712
9400 0.07164105921983718
9500 0.07073358694712321
9600 0.06982957025369009
9700 0.06896034280459086
9800 0.06808332602183025
9900 0.06722925156354904
10000 0.06640383650859197
10100 0.06556103924910227
10200 0.0647539272904396
10300 0.06394545336564382
10400 0.06315562948584556
10500 0.062368766963481904
10600 0.06159791350364685
10700 0.06083489706118902
10800 0.060079767803351086
10900 0.05934187223513921
11000 0.05861506760120392
11100 0.057899210353692374
11200 0.05719013984004657
11300 0.056499686340490976
11400 0.055798329412937164
11500 0.05512722432613373
11600 0.0544589638710022
11700 0.053804121911525726
11800 0.053155632317066194
11900 0.052513395249843595
12000 0.05187853624423345
12100 0.051266922056674956
12200 0.050653582563002904
12300 0.0500403938194116
12400 0.04944860463341077
12500 0.04884903033574422
12600 0.048277758558591205
12700 0.04770276546478271
12800 0.04713061029712359
12900 0.04657662957906723
13000 0.046021753052870436
13100 0.04548708895842234
13200 0.04495399867494901
13300 0.044423225522041324
13400 0.04390504906574885
13500 0.043394071608781816
13600 0.04288892820477486
13700 0.04239460105697314
13800 0.041895286987225215
13900 0.041410596172014875
14000 0.040930526703596114
14100 0.040456156432628634
14200 0.03999764621257782
14300 0.039537567645311356
14400 0.03908114557464917
14500 0.03863617305954297
14600 0.03819774190584819
14700 0.03776159485181173
14800 0.03733448932568232
14900 0.03690620437264443
15000 0.0364932415386041
15100 0.03607846051454544
15200 0.035673429568608604
15300 0.03526629159847895
15400 0.0348779458552599
15500 0.03448824534813563
15600 0.034117069095373154
15700 0.03372811948259671
15800 0.03335686773061752
15900 0.03299292934437593
16000 0.03262632389863332
16100 0.03227462445696195
16200 0.03192060266931852
16300 0.031577069063981375
16400 0.031230799357096353
16500 0.030897906546791396
16600 0.03056086984773477
16700 0.03023247097929319
16800 0.029908605913321177
16900 0.02958480070034663
17000 0.02926914058625698
17100 0.02896828850110372
17200 0.02866469311217467
17300 0.028363767762978873
17400 0.02806896430750688
17500 0.02777345950404803
17600 0.027489632740616797
17700 0.027208299934864046
17800 0.02692421426375707
17900 0.026641862591107686
18000 0.026381365209817886
------------------------------ 178 18000 0.026381365209817886 ------------------------------ 



[0.012479087213675182,
 0.022795908773938816,
 0.021732217445969582,
 0.02461871181925138,
 0.026381365209817886]
